tree
version=v4
num_class=1
num_tree_per_iteration=1
label_index=0
max_feature_idx=23
objective=binary sigmoid:1
feature_names=Column_0 Column_1 Column_2 Column_3 Column_4 Column_5 Column_6 Column_7 Column_8 Column_9 Column_10 Column_11 Column_12 Column_13 Column_14 Column_15 Column_16 Column_17 Column_18 Column_19 Column_20 Column_21 Column_22 Column_23
feature_infos=[-0.98328358208955224:18.492385786802032] [-0.98328358208955224:18.492385786802032] [-0.98323353293413174:18.847715736040609] [-0.98328358208955224:18.847715736040609] [-0.98303030303030303:20.60220994475138] [0.020808561236623068:4.1486603284356089] [0.018662934079850698:6.841261357562801] [0.017597335260660527:10.267379679144385] [0:99.79074674081572] [0:5] [0:19.706876570468634] [0:5.8504984347058473] [0.00087904821522019117:4.1368753361339357] [-2.1218312550416831:2.1241625649521096] [0.0047477407877001962:8.7256783751419924] [-43255.511621896891:37593.446957216816] [0:100] [-0.98323353293413174:18.847715736040609] [-0.98328358208955224:18.847715736040609] [0:inf] [-3:3] [-0.99318979189407564:0.99735760463525258] [-11.752777381918671:18.492385786802032] [0:0.999]
tree_sizes=3521 3530 3533 3525 3543 3543 3541 3544 3539 3559 3561

Tree=0
num_leaves=31
num_cat=0
split_feature=22 22 9 1 22 22 1 17 1 22 1 1 17 1 21 17 9 1 1 9 14 1 1 12 22 22 12 1 22 22
split_gain=6030.24 6552.13 2026.87 1079.82 783.994 703.025 600.329 586.045 458.684 411.807 281.692 224.882 229.752 131.372 122.241 116.274 87.2182 83.2109 77.8132 77.4159 61.0807 61.057 60.469 47.9987 47.3744 38.2292 37.5978 20.1191 18.5927 17.7883
threshold=0.042433540121779474 -0.044356453964260571 0.53471916939919928 0.043355267367702573 0.063583367910222358 -0.06278416649008893 -0.10376514665676577 0.060616867678208626 -0.06125083222370175 -0.026580395780650742 0.030311382847215244 0.072402617527516769 0.029174235037453315 -0.075095194660412021 0.17764320724773727 0.069076365363959349 0.44398966631266878 -0.075095194660412021 0.05413559075979469 0.66672476864143604 0.14360625449192804 -0.094695423623995065 0.0040336139011215586 0.019453144757655267 0.078186145252877884 -0.079447001107704127 0.024150311102670335 -0.11794740290927773 0.045074459952856978 -0.049324434409038935
decision_type=2 2 2 2 2 2 2 2 2 2 2 2 2 2 2 2 2 2 2 2 2 2 2 2 2 2 2 2 2 2
left_child=1 5 7 6 13 25 27 8 21 -8 -10 12 -5 -2 26 -13 28 -7 23 29 -21 -3 -16 -18 -6 -1 -9 -4 -15 -19
right_child=4 2 3 11 24 17 9 14 10 -11 -12 15 -14 16 22 -17 18 19 -20 20 -22 -23 -24 -25 -26 -27 -28 -29 -30 -31
leaf_value=-0.097434319702064315 -0.093980271247862193 -0.09073855087200558 -0.091870533830706466 -0.031023217522589616 -0.074563791590063502 -0.089339307617045491 0.017115102047636551 0.02649549189741059 0.012566286676740328 0.037255761854827998 -0.036846326709307077 -0.067628819029800766 0.018065379652788472 -0.031522104561089073 -0.095348852382313165 -0.015343757420941496 -0.039667122251792329 -0.06219058863558348 -0.053942761299656687 -0.039740962980722737 -0.012149231345939811 -0.040002091028650939 -0.051580909334962205 -0.01417915417970989 -0.096719719645838434 -0.077393603338816869 -0.033949125059678974 -0.050784824546533693 -0.078600081590482596 -0.036432216909007401
leaf_weight=626.92812013626099 80.260537892580032 82.500112950801849 70.937600702047348 295.05171951651573 398.54192966222763 62.86466571688652 2758.4283226430416 48.853983879089355 5001.9635143876076 31930.074147760868 305.9372002184391 139.37505027651787 1237.8604136407375 27.499967008829117 124.06269443035126 449.68663874268532 233.22896683216095 181.30210569500923 191.56245487928391 323.74972349405289 529.3739125430584 214.21856960654259 220.93742519617081 894.7378241121769 633.23019421100616 394.53155890107155 54.062440514564514 53.541647017002106 96.979248106479645 109.2707245349884
leaf_count=2988 379 386 333 1145 1778 293 8933 152 16502 94830 1211 609 3993 107 588 1651 932 779 802 1294 1921 857 918 3271 3012 1775 212 222 438 432
internal_value=0.0201981 0.0244219 0.0287552 0.0331502 -0.0545157 -0.05918 0.0352609 0.00193404 0.00633356 0.0356544 0.00971666 -0.00147558 0.00861224 -0.0317247 -0.0530936 -0.0277325 -0.0282547 -0.0333268 -0.0244708 -0.0302361 -0.0226292 -0.0541516 -0.0673575 -0.0194568 -0.0881745 -0.089707 -0.00520992 -0.0742936 -0.0682734 -0.0525371
internal_weight=47771.6 45215.5 42987.5 36935 2556.04 2228.02 34813 6052.54 5604.62 34688.5 5307.9 2121.97 1532.91 1524.27 447.917 589.062 1444.01 1206.56 1319.53 1143.7 853.124 296.719 345 1127.97 1031.77 1021.46 102.916 124.479 124.479 290.573
internal_count=152743 142024 132542 111716 10719 9482 104318 20826 18956 103763 17713 7398 5138 5929 1870 2260 5550 4719 5005 4426 3215 1243 1506 4203 4790 4763 364 555 545 1211
is_linear=0
shrinkage=1


Tree=1
num_leaves=31
num_cat=0
split_feature=11 22 22 22 22 9 9 10 0 10 0 22 9 2 22 11 9 22 0 4 0 22 9 4 9 22 9 0 0 22
split_gain=8481.39 1639.04 2099.86 1396.11 1414.99 1032.59 587.232 559.415 387.035 334.832 285.652 254.268 238.843 210.742 179.535 176.583 152.799 133.636 82.7328 91.5251 77.2757 77.0296 70.3823 60.7969 53.496 50.0541 48.8424 40.3968 36.8059 36.0553
threshold=0.027289994408010543 -0.053769719441235868 0.050205800615981851 0.040084388185654025 -0.038272443221477652 0.57425178617865436 0.51320053845548785 1.0094600809706695 0.022783292353458998 0.48090984209885806 -0.050568255198243588 -0.056251253556640339 0.25311093307236104 -0.013603591599860852 0.060227418341634927 0.018018303093228254 0.9322999534642572 0.067214350290285566 -0.050568255198243588 -0.11694331831697512 0.03679928362669483 -0.067212455089046261 0.2694810834900242 -0.029381433982804791 0.41358199558849623 0.048393855100243195 0.74617480354639365 -0.0056011204481792856 0.05172957685195257 -0.06278416649008893
decision_type=2 2 2 2 2 2 2 2 2 2 2 2 2 2 2 2 2 2 2 2 2 2 2 2 2 2 2 2 2 2
left_child=3 21 5 4 11 9 15 10 13 12 -7 29 -3 -8 25 23 -9 26 -13 -20 -10 -2 -17 -6 -11 27 -4 -5 -28 -1
right_child=1 2 17 14 6 7 8 16 20 24 -12 18 -14 -15 -16 22 -18 -19 19 -21 -22 -23 -24 -25 -26 -27 28 -29 -30 -31
leaf_value=-0.075451340788855403 -0.089862904872305485 -0.064067825593602939 -0.076016475388915331 -0.090329413551368143 0.032392818227988167 -0.09829529362414921 0.041691905577493936 -0.059886634388154475 0.015589976899421685 -0.079352868823892003 0.017721646154620536 -0.097426917527779461 -0.010823197205756516 0.033228497948943857 -0.063204102041165541 -0.025859692434586218 -0.014466958659049024 -0.088740571386367373 0.027093489212012059 -0.011801404392089775 -0.01567055156561916 -0.060066369572957412 0.0051111678064585074 0.016479108825680211 -0.051147673298351931 -0.027440860900779285 -0.029412928666828365 -0.0027619798831687152 -0.067612436170127424 -0.039619599576359632
leaf_weight=164.1007599234581 774.10264100134373 260.04372191429138 168.25821191072464 13.373364910483359 963.85412558913231 53.70144134759903 12505.256119549274 231.37949739396572 1271.1974483281374 306.26604886353016 3777.7211879938841 24.771608099341393 1108.7523214817047 17901.486863657832 223.67226094007492 220.74941754341125 929.02194140851498 777.36787267029285 182.21761736273766 886.38050583004951 233.85786661505699 304.44541156291962 1082.8441749960184 1597.9194928109646 378.94606417417526 400.70751132071018 193.13659083843231 598.74036921560764 94.406471848487854 124.84270890057087
leaf_count=744 3665 1129 761 63 2918 258 36120 986 4121 1395 12145 119 4006 53735 975 841 3397 3668 566 3218 859 1310 3677 5178 1576 1544 750 2101 416 502
internal_value=0.0191951 -0.0234882 -0.015934 0.0295977 0.0313369 -0.00539813 0.0332548 0.00687945 0.0354844 -0.0352374 0.0160917 -0.0182974 -0.0209462 0.0367095 -0.0226654 0.0148464 -0.0235322 -0.0761224 -0.0072661 -0.00516244 0.0107286 -0.0814631 -0.000131157 0.0224695 -0.0637715 -0.0137025 -0.0545764 -0.00469775 -0.0419912 -0.060006
internal_weight=47753.5 9357.55 8279 38396 37159.5 7045.83 35777.2 4991.82 31911.8 2054.01 3831.42 1382.31 1368.8 30406.7 1236.49 3865.37 1160.4 1233.17 1093.37 1068.6 1505.06 1078.55 1303.59 2561.77 685.212 1012.82 455.801 612.114 287.543 288.943
internal_count=152743 35462 30487 117281 112598 24892 107449 16786 94835 8106 12403 5149 5135 89855 4683 12614 4383 5595 3903 3784 4980 4975 4518 8096 2971 3708 1927 2164 1166 1246
is_linear=0
shrinkage=0.05


Tree=2
num_leaves=31
num_cat=0
split_feature=11 22 22 22 22 9 14 0 1 11 9 10 14 11 22 9 22 22 14 1 14 22 0 9 0 22 22 0 1 10
split_gain=7675.37 1633.02 2035.45 1150.05 1145.1 1009.68 640.172 518.425 514.456 478.855 301.844 226.456 215.363 228.302 192.992 162.07 150.603 129.199 108.641 98.5612 73.5588 70.232 67.6997 48.0459 46.2463 41.6623 41.6475 33.7246 31.1418 29.9702
threshold=0.026449225227851755 -0.053769719441235868 0.050205800615981851 0.040084388185654025 -0.038272443221477652 0.48993015933101303 0.08413833593479246 -0.050568255198243588 0.058263742729762098 0.01791839401418115 0.59659983616537116 0.4233915564545353 0.043704693990920682 0.011763010895597659 -0.059192521291532733 0.23560674794850958 0.060227418341634927 0.067214350290285566 0.13073381600097428 0.011589937015731079 0.18130490753836204 -0.067212455089046261 -0.050568255198243588 0.52445953238079057 0.0095359728234923908 0.04372610690542978 -0.049324434409038935 -0.050568255198243588 0.063126270390393438 0.61075746647825258
decision_type=2 2 2 2 2 2 2 2 2 2 2 2 2 2 2 2 2 2 2 2 2 2 2 2 2 2 2 2 2 2
left_child=3 21 5 4 14 11 12 -7 -9 19 -11 15 23 -14 -1 -3 20 24 26 -8 25 -2 -20 -6 -4 -5 -16 -23 -26 -13
right_child=1 2 17 16 6 7 9 8 -10 10 -12 29 13 -15 18 -17 -18 -19 22 -21 -22 27 -24 -25 28 -27 -28 -29 -30 -31
leaf_value=-0.061664648031597595 -0.08583915051795124 -0.063079308707685314 -0.083097775761486983 -0.0037751062177203416 -0.0093439090070150475 -0.095769468063870336 0.044947421877904417 0.012299204638574255 -0.035335554658809026 0.0091895564666934614 0.032251942615850411 -0.053681001015743128 0.032921047815580938 0.017454211763883429 -0.048680445367083061 -0.01314755232157486 -0.060364094471747981 -0.084523888665904157 -0.092940103713809757 0.03510518051395705 0.010149339723849848 -0.094035901162521363 0.0098450674186623833 0.011683940467108444 -0.036433244036329832 -0.029530893445008029 -0.016140554521233457 -0.050544929011103273 -0.070865958667579124 -0.076314245260778207
leaf_weight=195.67770910263062 789.10219345986843 211.8924957215786 94.326785206794739 238.78022262454033 313.25784473121166 124.41340200603008 10572.795717135072 5401.5967438519001 633.12701690196991 1746.8521618247032 7571.4180426299572 311.5268332362175 5169.8135861605406 4435.0736353546381 132.34756235778332 698.46738488972187 195.71152482926846 789.28066059947014 16.377039283514023 3360.2533109039068 265.27403274178505 54.161481514573097 569.73470708727837 2030.4749435782433 303.95972664654255 461.27221709489822 386.03373201191425 265.57038755714893 84.523844450712204 282.97561772167683
leaf_count=860 3758 927 441 839 1119 599 29868 17731 2507 5813 22687 1321 15440 14170 551 2554 856 3743 79 9953 889 261 1903 6635 1221 1797 1426 1121 381 1293
internal_value=0.0182532 -0.0205798 -0.0134772 0.0286109 0.0301693 -0.00375404 0.0318714 0.005216 0.00730032 0.0367055 0.0279292 -0.0404681 0.0224638 0.02578 -0.0159074 -0.0247807 -0.020375 -0.0720474 -0.00779141 0.0425744 -0.0122569 -0.0778092 0.00694917 0.008871 -0.0516276 -0.0207548 -0.0244657 -0.0579549 -0.0439541 -0.0644736
internal_weight=47706.1 10044.9 8936.09 37661.1 36500.1 7664 35199.9 6159.14 6034.72 23251.3 9318.27 1504.86 11948.6 9604.89 1300.17 910.36 1161.04 1272.09 1104.49 13933 965.326 1108.83 586.112 2343.73 482.81 700.052 518.381 319.732 388.484 594.502
internal_count=152743 37858 32718 114885 110504 26932 105685 20837 20238 68321 28500 6095 37364 29610 4819 3481 4381 5786 3959 39821 3525 5140 1982 7754 2043 2636 1977 1382 1602 2614
is_linear=0
shrinkage=0.05


Tree=3
num_leaves=31
num_cat=0
split_feature=11 10 9 11 12 12 11 5 10 11 14 5 9 10 9 12 11 2 11 5 12 10 12 2 9 11 9 10 12 11
split_gain=6938.38 1188.11 1182.02 637.576 775.254 432.002 385.553 328.853 295.468 282.761 381.377 237.205 220.324 295.182 214.857 146.51 145.889 140.44 130.366 107.941 101.968 100.133 93.7548 90.0815 86.86 85.1368 83.2552 106.199 82.8108 82.3771
threshold=0.026449225227851755 1.0319204866623195 0.58341986382128508 0.018018303093228254 0.014480432750626149 0.022643742450880404 0.033977226916204896 0.94326790210159672 0.42770942099903048 0.013880905546299274 0.046000624373113135 1.0284101083052082 0.59659983616537116 1.5286847239841108 0.25311093307236104 0.077532291617431623 0.023527612363154579 -0.12050505663353721 0.015797134176998292 1.0069568401445563 0.011445894270162262 0.61849589613654909 0.018159229132155338 0.03517855803537951 0.32648496550787737 0.033581975519056055 0.98009980040687927 1.9025078237451918 0.0061316429980423819 0.044015410439355772
decision_type=2 2 2 2 2 2 2 2 2 2 2 2 2 2 2 2 2 2 2 2 2 2 2 2 2 2 2 2 2 2
left_child=3 2 8 4 9 12 26 -4 14 10 28 17 21 19 -2 -16 -7 -9 -6 -14 -12 24 -20 -13 -5 -10 -3 -28 -1 -8
right_child=1 6 7 5 18 16 29 11 25 -11 20 23 13 -15 15 -17 -18 -19 22 -21 -22 -23 -24 -25 -26 -27 27 -29 -30 -31
leaf_value=-0.0055279791383614878 -0.06194179459129559 -0.054075094301723629 -0.059412869106891475 -0.03078713035920427 0.043943223419477491 0.034004675147817909 -0.052139306599473557 -0.060709907348768549 -0.038258900332893406 0.0048494047969027459 0.025998196307537403 -0.062181495756921147 0.023476863486308411 -0.015281048443735172 -0.0075021372818635454 -0.060219359389990991 0.017002874282567727 0.01203749021768275 0.023917415084910111 0.0062896622922159629 0.036902158404839888 -0.03504712268540492 0.039286665641496826 -0.013025708504547089 0.0061707645560347708 -0.067830441634814595 -0.0049844673789987059 -0.041316437471971709 0.014649193473454223 -0.076602280032673345
leaf_weight=690.2056802213192 286.79891164600849 220.11790850758553 192.60055504739285 204.37831404805183 8570.3909423798323 3509.864910826087 588.52601891756058 67.283611461520195 379.86386254429817 1830.4497392773628 4572.2116185426712 129.13062499463558 3048.9028636068106 768.54668962955475 1086.752179697156 149.95691038668156 1972.7748557925224 4220.7085236608982 1659.1206328570843 1305.6914245337248 4049.274365067482 306.75419417023659 2480.0031298846006 336.01477514207363 714.11258070170879 685.10478781163692 503.90847642719746 335.09137336909771 1927.914050668478 839.23122052848339
leaf_count=2413 1269 941 839 794 24182 10439 2513 291 1538 6136 13995 564 9472 2815 3905 652 6339 13918 5138 4367 11807 1207 7162 1242 2402 3091 1799 1379 6217 3917
internal_value=0.0173674 -0.0196021 -0.00970978 0.0272179 0.0316283 0.017607 -0.0495681 0.00461687 -0.0370844 0.0230768 0.0260448 0.00721365 0.00872663 0.0132823 -0.0229528 -0.0139027 0.0278884 0.0108934 0.0404217 0.0183248 0.0311204 -0.0103174 0.033128 -0.0266932 -0.00204995 -0.0572918 -0.0266984 -0.0195044 0.00932804 -0.0665264
internal_weight=47631.7 10021.1 7534.21 37610.6 25779.6 11831 2486.87 4945.74 2588.48 13070.1 11239.6 4753.14 6348.39 5123.14 1523.51 1236.71 5482.64 4287.99 12709.5 4354.59 8621.49 1225.25 4139.12 465.145 918.491 1064.97 1059.12 839 2618.12 1427.76
internal_count=152743 37858 27309 114885 77050 37835 10549 16854 10455 40568 34432 16015 21057 16654 5826 4557 16778 14209 36482 13839 25802 4403 12300 1806 3196 4629 4119 3178 8630 6430
is_linear=0
shrinkage=0.05


Tree=4
num_leaves=31
num_cat=0
split_feature=11 22 22 22 22 9 9 14 0 1 1 22 22 12 11 12 10 12 14 22 12 0 1 22 0 0 1 11 0 22
split_gain=6292 1261.13 1318.07 1176.29 1524.81 758.838 528.369 441.883 406.632 415.191 347.104 181.412 175.725 171.391 150.121 192.254 133.8 115.882 96.4024 95.6102 85.2143 70.8356 55.565 54.2023 49.2668 40.6582 37.6479 33.4866 32.9984 31.5965
threshold=0.028648542639260029 0.040084388185654025 -0.04164511575381135 -0.053769719441235868 0.050205800615981851 0.41358199558849623 0.53471916939919928 0.08413833593479246 -0.050568255198243588 0.04738242794710535 0.039972022137228731 -0.06278416649008893 0.060227418341634927 0.0064750653915364876 0.018018303093228254 0.013950057822218429 0.31695289099190266 0.019842330310895311 0.14457140450643116 0.072363313998332637 0.021515503250909784 -0.050568255198243588 -0.07873613190989158 -0.079447001107704127 -0.0036331552238085259 0.035354777481040885 -0.065034776070304043 0.020589294184042296 -0.050568255198243588 0.048393855100243195
decision_type=2 2 2 2 2 2 2 2 2 2 2 2 2 2 2 2 2 2 2 2 2 2 2 2 2 2 2 2 2 2
left_child=1 2 11 23 5 16 14 13 -7 -10 -9 -1 20 -8 15 -4 22 -16 27 26 29 -20 -5 -2 -22 -26 -6 -13 -25 -3
right_child=3 12 6 4 19 8 7 10 9 -11 -12 18 -14 -15 17 -17 -18 -19 21 -21 24 -23 -24 28 25 -27 -28 -29 -30 -31
leaf_value=-0.069094042763913163 -0.084494724008467248 -0.019110240699420345 0.0061634901120663464 -0.080427357143055156 -0.088290371896568451 -0.089592125520674762 0.00088197661467496005 0.036250261058608228 0.0089795364445082442 -0.031699048057639199 0.011714312115337746 -0.021177247318688447 -0.058585563600668501 0.023940957412059642 -0.019958132686118166 0.031954363071234816 -0.066145741800422639 0.008948142216469477 -0.090152239615200649 -0.081922532202301585 -0.074424376548471768 0.0035950323478106494 -0.02087968751056821 -0.087764230728974393 0.010071981983172711 -0.020756508389911735 -0.047059382128711087 -0.047849371185564663 -0.053710540550389055 -0.045256838980804827
leaf_weight=202.61173668503761 558.73870959877968 318.5504340082407 1450.1365709602833 43.958947524428368 64.2525355219841 120.89477303624153 880.34703041613102 20255.001211211085 4376.2049553543329 732.09960041940212 1552.6612959802151 276.91903132200241 269.90351338684559 9579.9979457110167 501.35421861708164 1441.3541908860207 494.89847034215927 1123.4673158228397 21.00977435708046 650.09487697482109 21.6492860019207 442.70381847023964 361.48491875827312 90.896676585078239 422.34783974289894 143.06421320140362 421.80593958497047 206.32845236361027 344.38338115811348 182.5059620141983
leaf_count=929 2741 1189 4840 207 314 589 2994 58917 14582 2901 5075 1047 1191 29502 1870 4292 2241 3756 102 3162 98 1513 1382 445 1410 540 1796 859 1505 754
internal_value=0.0165271 0.0248662 0.0265611 -0.0231413 -0.0161607 -0.00629782 0.0282088 0.0304508 0.00100147 0.00314818 0.0345036 -0.0261564 -0.0224739 0.0220008 0.0121889 0.0190221 -0.0486931 2.50783e-05 -0.0169579 -0.0693613 -0.0135074 -0.000660178 -0.0273665 -0.0741537 -0.000571187 0.00226043 -0.0525371 -0.0325831 -0.0608518 -0.028651
internal_weight=47551.6 39291.9 37933.9 8259.71 7265.7 6129.54 36784.3 32268 5229.2 5108.3 21807.7 1149.57 1358.02 10460.3 4516.31 2891.49 900.342 1624.82 946.961 1136.15 1088.12 463.714 405.444 994.019 587.061 565.412 486.058 483.247 435.28 501.056
internal_count=152743 120878 115696 31865 27174 21902 111246 96488 18072 17483 63992 4450 5182 32496 14758 9132 3830 5626 3521 5272 3991 1615 1589 4691 2048 1950 2110 1906 1950 1943
is_linear=0
shrinkage=0.05


Tree=5
num_leaves=31
num_cat=0
split_feature=11 22 22 22 22 9 14 10 11 10 9 22 1 22 9 9 14 11 14 22 1 14 22 22 1 14 9 10 1 8
split_gain=5745.32 1310.6 1625.21 911.15 937.76 855.631 537.034 413.349 297.059 246.933 226.849 221.977 208.402 200.974 198.276 181.774 160.682 154.791 99.2011 86.2645 83.2223 78.7277 51.835 51.5942 43.8672 34.5803 33.3294 32.6907 30.0483 28.8268
threshold=0.02606706036308112 -0.056251253556640339 0.052113754751355774 0.034269060265199498 -0.034437248782144873 0.56535327138305547 0.08413833593479246 0.95181324951175161 0.018018303093228254 0.48090984209885806 0.60127639018336076 -0.056251253556640339 -0.075095194660412021 0.050205800615981851 0.25311093307236104 0.89596942194089546 0.039818417968225175 0.011763010895597659 0.11198562045578765 0.078186145252877884 0.011589937015731079 0.10309513365538629 0.063583367910222358 -0.072567751590754057 -0.082929760787992454 0.16430412312541073 0.41358199558849623 0.31162520781992359 -0.056479243000722094 66.174180814720373
decision_type=2 2 2 2 2 2 2 2 2 2 2 2 2 2 2 2 2 2 2 2 2 2 2 2 2 2 2 2 2 2
left_child=3 23 5 4 11 9 16 12 20 14 -10 -1 -7 21 -3 -9 27 -18 -13 28 -8 -5 25 -2 -20 -15 -11 -6 -4 -23
right_child=1 2 19 13 6 7 8 15 10 26 -12 18 -14 22 -16 -17 17 -19 24 -21 -22 29 -24 -25 -26 -27 -28 -29 -30 -31
leaf_value=-0.052571999775440408 -0.07903798056229222 -0.056750064859002816 -0.079189744705754295 -0.018185110761477174 -0.018903453637490981 -0.032086222705157992 0.039613591894295787 -0.052484202006106706 0.0085080371271799189 -0.066073728270185317 0.029468483256046719 -0.018810373688276132 0.016572244767220287 -0.039853609383624769 -0.0096758442609889521 -0.0079804529622837933 0.027597777376680739 0.014952009101229971 -0.077351876494069716 -0.080241243151255498 0.030461223874824563 0.0099769545200805009 -0.065511159991332557 -0.055133333891645354 0.0090996992025821951 -0.0057180784843301963 -0.044396059306461705 0.0076484761506887327 -0.048376449837223286 -0.027914236719458176
leaf_weight=251.4140060544014 686.9443570971489 275.99025294184685 94.580915838479996 422.49477130174637 124.4176062643528 232.16786666214466 10362.141342490911 280.45963783562183 1604.3773328214884 331.68304385244846 6622.7454176545143 550.35805661976337 4165.5377188324928 214.31242130696774 1181.2371084392071 1262.147001594305 5563.4951645582914 4287.8189200013876 14.792722657322882 575.19861333072186 3277.3456715792418 882.02882277965546 128.77211010456085 340.81456995010376 954.33903294801712 114.06808093190193 389.08957295119762 1663.4162707030773 514.89217287302017 53.066923752427101
leaf_count=1093 3387 1226 458 1557 459 916 29470 1189 5330 1536 19814 2045 13360 877 4291 4560 16795 13704 68 2849 9750 2909 588 1519 3165 410 1626 5502 2235 204
internal_value=0.0154329 -0.0175434 -0.011623 0.0246176 0.0263951 -0.00363878 0.0282693 0.00618949 0.032888 -0.0304459 0.0253817 -0.00906197 0.0140016 -0.00993121 -0.0185981 -0.0160777 0.0195915 0.0220944 -0.00185655 -0.0663283 0.037415 -0.000271113 -0.0386012 -0.071122 0.00776711 -0.0280167 -0.0543863 0.00579694 -0.0531786 0.00781852
internal_weight=47422.1 10330.7 9302.98 37091.4 35276.7 8118.31 33505.8 5940.31 21866.6 2178 8227.12 1770.9 4397.71 1814.74 1457.23 1542.61 11639.1 9851.31 1519.49 1184.67 13639.5 1357.59 457.153 1027.76 969.132 328.381 720.773 1787.83 609.473 935.096
internal_count=152892 39152 34246 113740 107195 28704 100824 20025 64364 8679 25144 6371 14276 6545 5517 5749 36460 30499 5278 5542 39220 4670 1875 4906 3233 1287 3162 5961 2693 3113
is_linear=0
shrinkage=0.05


Tree=6
num_leaves=31
num_cat=0
split_feature=11 22 22 9 22 22 14 0 0 10 9 9 22 22 12 0 22 11 12 11 12 0 22 0 12 14 10 22 0 11
split_gain=5201.25 1289.03 1630.84 786.275 729.383 748.018 514.311 419.451 356.094 320.674 249.597 237.104 226.588 216.297 178.408 163.844 158.736 151.087 134.63 126.44 111.487 106.812 73.4035 67.1824 60.2477 54.6065 51.8289 50.7854 45.7577 39.6918
threshold=0.025311324867789763 -0.053769719441235868 0.041261349594190373 0.6389817070167213 0.034269060265199498 -0.030460205836559891 0.08413833593479246 -0.050568255198243588 0.032753195177154588 0.55204570910754236 0.60127639018336076 0.3595854571399531 -0.049324434409038935 0.063583367910222358 0.0064750653915364876 0.022783292353458998 0.050205800615981851 0.016317366853743433 0.018607402176814558 0.014231538159596888 0.018697500148912683 -0.0020225855959724588 -0.072567751590754057 -0.050568255198243588 0.021200444973501226 0.14639167622583968 0.84448739696443009 -0.06278416649008893 0.061614339806660763 0.020702249576102321
decision_type=2 2 2 2 2 2 2 2 2 2 2 2 2 2 2 2 2 2 2 2 2 2 2 2 2 2 2 2 2 2
left_child=4 22 3 9 5 12 14 -5 -9 11 17 -3 25 21 -7 -12 20 -8 -14 -16 -6 -4 -2 -20 -18 -1 -11 -27 -23 -22
right_child=1 2 13 7 16 6 10 8 -10 26 15 -13 18 -15 19 -17 24 -19 23 -21 29 28 -24 -25 -26 27 -28 -29 -30 -31
leaf_value=-0.050022017286124459 -0.076393914234074642 -0.038208430876230895 -0.086686905418393412 -0.086812483382524119 -0.017961006798249371 -0.00098087268032725594 0.030797626676060869 0.016621693578701201 -0.03318177520822662 -0.040900563315267841 0.035689431950872298 -0.00072963618779081911 -0.011232939032359562 -0.071522409684246641 0.023798596337323338 0.013925879353443547 -0.055432658704312868 0.010053851237780333 -0.094690034029608863 0.01062840017316357 0.023383753069669298 -0.026118435294290102 -0.050115581380805269 0.017677737136025159 -0.017079164731498449 -0.057649346031903928 -0.069484429072471252 0.0012929611348233259 -0.070603080604371773 0.0010990918539494935
leaf_weight=248.24631878733635 684.9926695227623 591.81883069872856 92.743498027324677 107.42987866699696 499.89161667227745 1028.976980894804 1675.7797120064497 4857.9605760574341 387.38784056901932 526.10926002264023 16358.761737883091 1470.9932818561792 732.75684940814972 865.19111207127571 8101.9396459460258 914.05322404205799 192.86406616866589 1845.5859376639128 13.352493822574614 2353.569765239954 395.9604267925024 697.58617083728313 438.30809555947781 1107.1738709956408 219.51614980399609 49.491197437047958 228.76500011980534 138.30422167479992 63.162518516182899 404.2818616181612
leaf_count=1070 3433 2463 454 530 1842 3523 4960 15571 1538 2193 47235 5134 2617 4240 24817 2929 848 6061 65 7652 1231 2744 1941 3520 839 225 1056 482 294 1385
internal_value=0.0147012 -0.0153952 -0.00962892 -0.000315491 0.0238367 0.0254147 0.0273735 0.0109374 0.012942 -0.0216941 0.0320643 -0.011486 -0.00220125 -0.0538986 0.0188795 0.0345381 -0.00801225 0.0199276 0.00542691 0.0208345 0.000557961 -0.0360211 -0.06615 0.0163259 -0.0350377 -0.034628 -0.0495776 -0.0142364 -0.0298272 0.0121333
internal_weight=47293 11012.4 9889.15 8170.46 36280.5 34568 32278.7 5352.78 5245.35 2817.69 20794.2 2062.81 2289.32 1718.68 11484.5 17272.8 1712.51 3521.37 1853.28 10455.5 1300.13 853.492 1123.3 1120.53 412.38 436.042 754.874 187.795 760.749 800.242
internal_count=152892 41591 36217 28485 111301 105156 97177 17639 17109 10846 61185 7597 7979 7732 35992 50164 6145 11021 6202 32469 4458 3492 5374 3585 1687 1777 3249 707 3038 2616
is_linear=0
shrinkage=0.05


Tree=7
num_leaves=31
num_cat=0
split_feature=11 22 22 22 22 9 9 0 14 0 22 22 1 11 12 10 10 9 22 0 12 14 0 0 0 9 0 9 22 22
split_gain=4727.98 1200.54 1280.98 665.187 886.104 534.556 492.173 331.174 334.997 271.239 260.751 239.26 223.134 198.839 228.275 181.869 175.139 117.384 105.058 85.8366 76.8703 75.3051 65.972 59.628 43.1506 44.322 40.0304 33.7782 31.5529 29.5883
threshold=0.031459760928788071 0.039038354415852912 -0.038272443221477652 -0.056251253556640339 0.041261349594190373 0.60127639018336076 0.66672476864143604 0.026072191566416495 0.076954992991051047 -0.050568255198243588 -0.056251253556640339 0.060227418341634927 0.06910590783794858 0.020002264699207312 0.015017662524080459 0.55600344645721211 0.46889250249771836 0.25311093307236104 0.072363313998332637 -0.050568255198243588 0.017346416333131148 0.17995231370671458 0.0016783218096393384 0.038472751738057871 0.03679928362669483 0.46459974878981108 -0.0036331552238085259 0.39736188354659002 -0.072567751590754057 -0.06278416649008893
decision_type=2 2 2 2 2 2 2 2 2 2 2 2 2 2 2 2 2 2 2 2 2 2 2 2 2 2 2 2 2 2
left_child=1 2 10 28 5 16 13 8 -8 -7 29 21 -11 14 -4 -15 17 -5 22 -12 -21 24 -6 -9 25 -3 -23 -18 -2 -1
right_child=3 11 6 4 18 9 7 23 -10 12 19 -13 -14 15 -16 -17 27 -19 -20 20 -22 26 -24 -25 -26 -27 -28 -29 -30 -31
leaf_value=-0.062254534553881802 -0.074985399799012517 -0.053408327253816404 0.0091726761109672452 -0.055344483527240612 -0.079391363642173432 -0.082622422654711786 0.01939232190821177 0.0061566993965664809 0.0318027801213948 0.011094686878432326 -0.085242769995935289 -0.057266051099452459 -0.035526797892861638 0.010309356005411491 0.028284011779339126 -0.01917752389497316 -0.070016929727162239 -0.012224848302332557 -0.073677612192301248 -0.031318992602904758 -9.8663936564228813e-05 -0.064752430823941345 -0.036690423505151858 -0.022999609981889033 -0.040357180788221599 -0.0097273735805901654 0.0087948312663048787 -0.044957404233900176 -0.052732828256381453 -0.035791569138843952
leaf_weight=281.51459160447121 566.53656396269798 63.901949122548103 3138.9500558972359 194.32686649262905 109.3912600427866 88.461916223168373 7510.8798807561398 872.49709112942219 19728.798760414124 2479.5295903533697 35.119097992777824 356.23480451107025 286.14188660681248 1938.7617810964584 3113.3233064264059 715.90259517729282 224.37560051679611 842.21139597892761 560.49973322451115 243.97029024362564 1027.5653470754623 19.227801889181137 531.81968338787556 219.35541762411594 194.75527243316174 636.46049758791924 427.1446932554245 343.82436135411263 226.05143408477306 171.85546472668648
leaf_count=1340 2910 274 10234 885 538 445 23414 2895 57947 8138 174 1647 1167 6399 9325 2667 1091 3098 2861 956 3570 86 2232 827 801 2312 1441 1469 1035 714
internal_value=0.0140086 0.0203136 0.0221054 -0.0257521 -0.0197432 -0.00947132 0.0240756 0.0272988 0.0283811 0.00350856 -0.0195747 -0.0208437 0.00626822 0.0138223 0.0186903 0.00235511 -0.0325588 -0.0203182 -0.0578483 -0.0082323 -0.00609485 -0.0111644 -0.0439943 0.000292988 -0.0195306 -0.0137271 0.00560174 -0.0548725 -0.0686526 -0.0522446
internal_weight=47149.4 40696.2 38998.5 6453.17 5660.58 4458.87 37238.5 28331.5 27239.7 2854.13 1760.02 1697.73 2765.67 8906.94 6252.27 2654.66 1604.74 1036.54 1201.71 1306.65 1271.54 1341.49 641.211 1091.85 895.118 700.362 446.372 568.2 792.588 453.37
internal_count=152892 127023 120462 25869 21924 16293 113708 85083 81361 9750 6754 6561 9305 28625 19559 9066 6543 3983 5631 4700 4526 4914 2770 3722 3387 2586 1527 2560 3945 2054
is_linear=0
shrinkage=0.05


Tree=8
num_leaves=31
num_cat=0
split_feature=11 22 22 9 22 22 0 0 9 10 22 22 2 1 9 22 1 22 0 11 0 7 0 0 9 22 13 22 9 9
split_gain=4313.99 1110.09 1412.91 633.126 603.674 648.279 331.227 314.183 302.783 222.051 208.771 182.731 176.825 204.11 168.743 148.47 129.273 117.324 80.9325 71.3845 68.6589 65.5059 55.7272 55.4645 58.3808 45.2057 44.8001 40.5683 40.3026 37.9913
threshold=0.025311324867789763 -0.047449052838612886 0.042433540121779474 0.56535327138305547 0.032696906736322424 -0.027732866946885811 -0.04749643433810901 0.032753195177154588 0.41358199558849623 0.48090984209885806 -0.049324434409038935 0.067214350290285566 -0.013603591599860852 0.01192198117565413 0.25311093307236104 0.050205800615981851 -0.035059703163809568 -0.067212455089046261 -0.0020225855959724588 0.016317366853743433 -0.050568255198243588 0.91574649732189217 -0.050568255198243588 0.035354777481040885 0.4959549621922647 -0.06278416649008893 0.70948146206045459 0.063583367910222358 0.58341986382128508 0.62252792383909894
decision_type=2 2 2 2 2 2 2 2 2 2 2 2 2 2 2 2 2 2 2 2 2 2 2 2 2 2 2 2 2 2
left_child=4 17 3 9 5 10 -5 -8 19 14 25 18 13 -10 -3 23 -14 -2 -4 -7 -12 -22 -19 24 -6 -1 -21 -17 -20 -24
right_child=1 2 11 6 15 8 7 -9 12 -11 20 -13 16 -15 -16 27 -18 22 28 26 21 -23 29 -25 -26 -27 -28 -29 -30 -31
leaf_value=-0.058845102601651968 -0.070164776291968808 -0.048552346423827671 -0.081277587603306389 -0.07010235291069071 -0.026753269772445944 0.012875196943175319 0.013790049665441402 -0.031545253503239182 0.032474726454107761 -0.046909810312609775 -0.090841498802015447 -0.069158527178686993 -0.028187837309339877 -0.010082081811707175 -0.0039075153139384875 -0.022658775118231993 0.023792698457509091 -0.080400159887127357 -0.052367998763169832 -0.0039983801203389794 0.03367406580523663 0.0042334946756309522 -0.054915805081667823 -0.022446036678101695 0.0088086651510388605 -0.022020765894795329 -0.053447134886201189 -0.058580987389690989 -0.024423350879182598 -0.024844340113167551
leaf_weight=113.29216396808624 749.56274361908436 258.75012531876564 86.505952388048172 130.07865288853645 127.24629984796047 1174.1507431566715 5342.4251196980476 411.45400796830654 11135.149410158396 672.98854526877403 18.032746747136116 743.48057401180267 120.24577561020851 288.84112517535686 1162.738636225462 302.14768996834755 17926.5566842556 74.629090055823326 163.69565966725349 598.40667571127415 207.01923842728138 2163.7022597193718 151.5552027374506 204.88598181307316 1226.4319411069155 318.81154675781727 49.540776744484901 106.7161713540554 619.09094573557377 346.91762064397335
leaf_count=536 3872 1160 438 624 487 3768 17252 1641 32512 2985 89 3815 450 1010 4146 1188 54568 381 735 2083 607 7239 687 776 4041 1241 207 499 2472 1383
internal_value=0.0133515 -0.0141926 -0.00827001 0.000357739 0.0216832 0.0232364 0.00876186 0.0105468 0.0253058 -0.0232486 0.000277401 -0.0509522 0.0265288 0.0313982 -0.0120405 -0.00524511 0.0234459 -0.0571325 -0.0353689 0.00552217 0.00606474 0.00680776 -0.0400695 0.00178746 0.00546041 -0.0316986 -0.00779451 -0.032059 -0.0302794 -0.0340064
internal_weight=46995.1 10913.9 9591.21 7978.44 36081.2 34113.7 5883.96 5753.88 31292.9 2094.48 2820.86 1612.77 29470.8 11424 1421.49 1967.43 18046.8 1322.66 869.293 1822.1 2388.75 2370.72 573.102 1558.56 1353.68 432.104 647.947 408.864 782.787 498.473
internal_count=152892 41591 35268 27808 111301 104310 19517 18893 94598 8291 9712 7460 88540 33522 5306 6991 55018 6323 3645 6058 7935 7846 2451 5304 4528 1777 2290 1687 3207 2070
is_linear=0
shrinkage=0.05


Tree=9
num_leaves=31
num_cat=0
split_feature=11 22 22 22 22 14 11 12 0 2 2 12 22 22 22 12 11 0 5 12 14 0 0 22 14 0 7 22 4 22
split_gain=3926.09 991.703 1051.66 576.089 752.309 334.469 444.247 308.029 276.754 294.723 227.512 221.806 218.079 162.892 110.468 75.5212 86.6368 73.7511 72.3161 69.9474 66.3757 63.0945 44.7737 30.6233 28.2156 27.0027 34.2679 26.8104 22.2766 20.6016
threshold=0.031459760928788071 0.042433540121779474 -0.038272443221477652 -0.056251253556640339 0.039038354415852912 0.054594351570703838 0.018018303093228254 0.015282249653067671 -0.04749643433810901 0.077100154703625981 -0.13079615500668132 0.023361189248751909 -0.056251253556640339 0.063583367910222358 0.060227418341634927 0.0064750653915364876 0.010315534076603119 -0.050568255198243588 1.0190826888358522 0.017346416333131148 0.14909221758477945 0.0011366866504729514 -0.0049491342757145276 -0.072567751590754057 0.038393484154964998 -0.050568255198243588 0.90688838106060066 0.054501927207227303 -0.078360391027319495 0.04666588643938608
decision_type=2 2 2 2 2 2 2 2 2 2 2 2 2 2 2 2 2 2 2 2 2 2 2 2 2 2 2 2 2 2
left_child=1 2 12 23 8 15 7 -7 -5 10 -10 -8 25 20 21 24 -17 -14 -11 -19 29 -6 -22 -2 -4 -1 -27 -24 -23 -3
right_child=3 13 5 4 14 6 11 -9 9 18 -12 -13 17 -15 -16 16 -18 19 -20 -21 22 28 27 -25 -26 26 -28 -29 -30 -31
leaf_value=-0.079006470976488913 -0.070952341920662715 -0.01470730472943137 -0.0093876239591980382 -0.071357580544832752 -0.071020910551955627 0.021672018184525257 0.0094485147155216817 0.03394691010272665 -0.064920979801872503 -0.067421778871508561 0.0018148371921150716 0.022737664066680079 -0.080253573042810639 -0.059233796857024415 -0.065407284152927514 0.017463975219195502 0.00053207513271797801 -0.029824114399817966 -0.027994474141859245 -2.6798261987863082e-05 -0.08554009150754148 -0.0072148679665984365 0.0068875564673905936 -0.048714432571230114 0.010653994646432028 0.0091117752433813263 -0.047539121356241894 -0.019461480406500885 -0.033494891191193282 -0.035409570282928203
leaf_weight=61.994737669825554 542.01413208246231 189.28563769161701 670.91082662343979 167.90646460652351 100.19680595397949 10016.811737313867 6378.5490545928478 10445.006547302008 132.4633800983429 162.73122601211071 3487.4335645437241 6188.045728713274 34.021299138665199 266.93952645361423 711.6227108091116 2362.142244040966 1111.645912155509 243.68471552431583 411.21252666413784 1026.9364968687296 15.693245843052862 108.10637281835079 367.64938229322433 220.82186460494995 237.58997774124146 28.688612848520279 352.84567196667194 130.80675308406353 324.16154207289219 335.04482668638229
leaf_count=321 2910 707 2366 836 492 30681 20758 30213 596 770 12122 19101 174 1302 3687 7397 3737 956 1671 3570 78 405 1260 1035 769 107 1626 514 1345 1386
internal_value=0.0127274 0.0184707 0.0199 -0.023763 -0.0182137 0.0216713 0.0233935 0.0279383 -0.00842951 -0.00590726 -0.00062758 0.0159929 -0.0180028 -0.0243973 -0.0525096 0.0086902 0.0120472 -0.00770002 -0.0391919 -0.00574728 -0.015433 -0.0352539 -0.00265572 -0.0645288 -0.00414027 -0.0482888 -0.043265 -1.95456e-05 -0.0269372 -0.0279497
internal_weight=46833 40464.3 39158.9 6368.67 5605.83 37410.7 33028.4 20461.8 4361.75 4193.84 3619.9 12566.6 1748.17 1305.42 1244.09 4382.29 3473.79 1304.64 573.944 1270.62 1038.48 532.465 514.149 762.836 908.501 443.529 381.534 498.456 432.268 524.33
internal_count=152892 127023 121776 25869 21924 115022 100753 60894 15995 15159 12718 39859 6754 5247 5929 14269 11134 4700 2441 4526 3945 2242 1852 3945 3135 2054 1733 1774 1750 2093
is_linear=0
shrinkage=0.05


Tree=10
num_leaves=31
num_cat=0
split_feature=11 22 22 9 22 22 14 1 1 11 22 12 12 12 12 9 12 22 10 2 22 22 11 12 22 11 14 11 9 12
split_gain=3562.95 948.072 1158.11 603.024 527.166 563.449 417.723 340.298 357.904 212.858 144.576 137.757 129.758 120.753 115.149 112.246 104.081 98.9746 98.9503 94.1649 85.0066 66.6465 57.4326 49.1813 48.1455 45.0202 40.6688 40.4891 34.8951 31.4954
threshold=0.025311324867789763 -0.053769719441235868 0.052113754751355774 0.41358199558849623 -0.031948429003065708 0.034269060265199498 0.08413833593479246 0.063126270390393438 -0.075095194660412021 0.020002264699207312 -0.059192521291532733 0.0064750653915364876 0.019071112934958754 0.022643742450880404 0.018967608352427678 0.66275164748196425 0.018064530891780312 0.050205800615981851 0.28989623073083065 0.048399452325136656 0.078186145252877884 -0.067212455089046261 0.021200563409056093 0.077532291617431623 0.05725699259485801 0.031798138825855624 0.17754725353276749 0.016496203102077337 0.58341986382128508 0.012106385748352671
decision_type=2 2 2 2 2 2 2 2 2 2 2 2 2 2 2 2 2 2 2 2 2 2 2 2 2 2 2 2 2 2
left_child=4 21 3 18 10 6 11 8 -5 16 -1 -6 26 17 -11 -13 -8 29 23 -9 28 -2 -14 -3 -15 -20 27 -12 -4 -7
right_child=1 2 20 7 5 13 9 19 -10 14 12 15 22 24 -16 -17 -18 -19 25 -21 -22 -23 -24 -25 -26 -27 -28 -29 -30 -31
leaf_value=-0.051154843762739932 -0.066621573624528405 -0.011493105889821279 -0.065945501172977247 -0.037609809708879845 -0.002376062899190623 -0.045871553107234987 0.026130232622266342 -0.067279957258691389 0.0094183250466838841 0.00088602531496912167 -0.0090756539860490735 0.0073095101564423677 0.019971553065213973 0.016134997727011151 0.02137453665160377 0.019677723401748278 0.034267296791415096 -0.045715872915664466 -0.029400425925227871 -0.021213306927900227 -0.07042263093239387 -0.039570331597735396 -0.0029526254551912106 -0.061508544557073969 -0.02422765303091827 -0.058117421588197229 0.01752039124947952 -0.033588356556695093 -0.036588645018805925 -0.0063366389952691496
leaf_weight=156.43266586959362 716.0005941092968 368.64278317987919 129.47275023162365 431.46917612850666 1021.8115625679493 53.76537948846817 8604.8707080185413 141.10784910619259 6459.2799595892429 825.4395357966423 346.05394035577774 2378.1413931697607 614.21152840554714 548.29052357375622 4067.9845937490463 8046.7756486833096 7253.0461087077856 232.23389561474323 198.41205033659935 521.48087033629417 522.82521015405655 336.43222673237324 491.42634107172489 56.72433565557003 85.206682279706001 445.92629908025265 75.832693338394165 329.67675174772739 477.79092417657375 792.56052964925766
leaf_count=735 3870 1404 657 1798 3500 218 25754 638 21389 2773 1232 7781 1935 1767 12499 24866 20918 1034 810 2051 2866 1514 1719 263 357 2136 242 1303 2156 2802
internal_value=0.0122744 -0.0128989 -0.00803292 -0.00179471 0.0198465 0.0213225 0.0228088 0.00318072 0.0064724 0.0270389 -0.00500702 0.0151396 -0.00111474 -0.00662529 0.0179196 0.0168569 0.0298524 -0.0168033 -0.0369286 -0.0310401 -0.0556242 -0.0579834 0.0097785 -0.0181875 0.0106953 -0.0492882 -0.0171458 -0.0210456 -0.0428658 -0.00885924
internal_weight=46729.3 10805.6 9753.13 8623.04 35923.8 33910.1 32198.1 7553.34 6890.75 20751.3 2013.63 11446.7 1857.2 1712.06 4893.42 10424.9 15857.9 1078.56 1069.71 662.589 1130.09 1052.43 1105.64 425.367 633.497 644.338 751.563 675.731 607.264 846.326
internal_count=152987 41552 36168 30489 111435 104269 98091 25876 23187 61944 7166 36147 6431 6178 15272 32647 46672 4054 4613 2689 5679 5384 3654 1667 2124 2946 2777 2535 2813 3020
is_linear=0
shrinkage=0.05


end of trees

feature_importances:
Column_22=94
Column_9=43
Column_0=39
Column_11=35
Column_12=29
Column_1=27
Column_14=22
Column_10=19
Column_2=7
Column_5=4
Column_4=3
Column_17=3
Column_7=2
Column_8=1
Column_13=1
Column_21=1

parameters:
[boosting: gbdt]
[objective: binary]
[metric: binary_logloss]
[tree_learner: serial]
[device_type: cpu]
[data_sample_strategy: bagging]
[data: ]
[valid: ]
[num_iterations: 500]
[learning_rate: 0.05]
[num_leaves: 31]
[num_threads: 0]
[seed: 42]
[deterministic: 0]
[force_col_wise: 1]
[force_row_wise: 0]
[histogram_pool_size: -1]
[max_depth: 6]
[min_data_in_leaf: 30]
[min_sum_hessian_in_leaf: 0.001]
[bagging_fraction: 0.8]
[pos_bagging_fraction: 1]
[neg_bagging_fraction: 1]
[bagging_freq: 5]
[bagging_seed: 400]
[bagging_by_query: 0]
[feature_fraction: 0.8]
[feature_fraction_bynode: 1]
[feature_fraction_seed: 30056]
[extra_trees: 0]
[extra_seed: 12879]
[early_stopping_round: 0]
[early_stopping_min_delta: 0]
[first_metric_only: 0]
[max_delta_step: 0]
[lambda_l1: 0.1]
[lambda_l2: 0.1]
[linear_lambda: 0]
[min_gain_to_split: 0.05]
[drop_rate: 0.1]
[max_drop: 50]
[skip_drop: 0.5]
[xgboost_dart_mode: 0]
[uniform_drop: 0]
[drop_seed: 17869]
[top_rate: 0.2]
[other_rate: 0.1]
[min_data_per_group: 100]
[max_cat_threshold: 32]
[cat_l2: 10]
[cat_smooth: 10]
[max_cat_to_onehot: 4]
[top_k: 20]
[monotone_constraints: ]
[monotone_constraints_method: basic]
[monotone_penalty: 0]
[feature_contri: ]
[forcedsplits_filename: ]
[refit_decay_rate: 0.9]
[cegb_tradeoff: 1]
[cegb_penalty_split: 0]
[cegb_penalty_feature_lazy: ]
[cegb_penalty_feature_coupled: ]
[path_smooth: 0]
[interaction_constraints: ]
[verbosity: -1]
[saved_feature_importance_type: 0]
[use_quantized_grad: 0]
[num_grad_quant_bins: 4]
[quant_train_renew_leaf: 0]
[stochastic_rounding: 1]
[linear_tree: 0]
[max_bin: 255]
[max_bin_by_feature: ]
[min_data_in_bin: 3]
[bin_construct_sample_cnt: 200000]
[data_random_seed: 175]
[is_enable_sparse: 1]
[enable_bundle: 1]
[use_missing: 1]
[zero_as_missing: 0]
[feature_pre_filter: 1]
[pre_partition: 0]
[two_round: 0]
[header: 0]
[label_column: ]
[weight_column: ]
[group_column: ]
[ignore_column: ]
[categorical_feature: ]
[forcedbins_filename: ]
[precise_float_parser: 0]
[parser_config_file: ]
[objective_seed: 16083]
[num_class: 1]
[is_unbalance: 1]
[scale_pos_weight: 1]
[sigmoid: 1]
[boost_from_average: 1]
[reg_sqrt: 0]
[alpha: 0.9]
[fair_c: 1]
[poisson_max_delta_step: 0.7]
[tweedie_variance_power: 1.5]
[lambdarank_truncation_level: 30]
[lambdarank_norm: 1]
[label_gain: ]
[lambdarank_position_bias_regularization: 0]
[eval_at: ]
[multi_error_top_k: 1]
[auc_mu_weights: ]
[num_machines: 1]
[local_listen_port: 12400]
[time_out: 120]
[machine_list_filename: ]
[machines: ]
[gpu_platform_id: -1]
[gpu_device_id: -1]
[gpu_use_dp: 0]
[num_gpu: 1]

end of parameters

pandas_categorical:null
